[38;2;225;220;234m [38;2;225;220;234m [38;2;225;220;234m [38;2;225;220;234m [38;2;225;220;234m [38;2;225;220;234m [38;2;225;220;234m [38;2;225;220;234m [38;2;225;220;234m [38;2;225;220;234m [38;2;225;220;234m [38;2;225;220;234m [38;2;225;220;234m [38;2;225;220;234m [38;2;225;220;234m [38;2;225;220;234m [38;2;225;220;234m [38;2;222;218;230m [38;2;225;219;234m [38;2;233;229;244m [38;2;239;236;251m [38;2;240;237;251m [38;2;240;237;251m [38;2;240;237;251m [38;2;240;237;251m [38;2;239;236;250m [38;2;240;237;251m [38;2;240;237;251m [38;2;236;233;247m [38;2;225;220;234m [38;2;222;216;230m [38;2;223;220;233m [38;2;225;220;234m [38;2;225;220;234m [38;2;225;220;234m [38;2;225;220;234m [38;2;225;220;234m [38;2;225;220;234m [38;2;225;220;234m [38;2;225;220;234m [38;2;225;220;234m [38;2;225;220;234m [38;2;225;220;234m [38;2;225;220;234m [0m
[38;2;225;220;234m [38;2;225;220;234m [38;2;225;220;234m [38;2;225;220;234m [38;2;225;220;234m [38;2;225;220;234m [38;2;225;220;234m [38;2;225;220;234m [38;2;225;220;234m [38;2;225;220;234m [38;2;225;220;234m [38;2;225;220;234m [38;2;225;220;234m [38;2;225;220;234m [38;2;225;220;234m [38;2;223;219;233m [38;2;225;219;234m [38;2;237;234;248m [38;2;227;225;237m [38;2;188;184;195m'[38;2;149;139;149mc[38;2;128;117;127mo[38;2;121;110;118mo[38;2;128;115;124mo[38;2;118;106;117mo[38;2;111;97;108md[38;2;117;104;115md[38;2;138;128;136ml[38;2;174;167;178m;[38;2;225;223;236m [38;2;239;236;250m [38;2;226;222;236m [38;2;222;218;232m [38;2;225;220;234m [38;2;225;220;234m [38;2;225;220;234m [38;2;225;220;234m [38;2;225;220;234m [38;2;225;220;234m [38;2;225;220;234m [38;2;225;220;234m [38;2;225;220;234m [38;2;225;220;234m [38;2;225;220;234m [0m
[38;2;225;220;234m [38;2;225;220;234m [38;2;225;220;234m [38;2;225;220;234m [38;2;225;220;234m [38;2;225;220;234m [38;2;225;220;234m [38;2;225;220;234m [38;2;225;220;234m [38;2;225;220;234m [38;2;225;220;234m [38;2;225;220;234m [38;2;225;220;234m [38;2;225;220;234m [38;2;223;219;233m [38;2;227;223;239m [38;2;229;229;237m [38;2;150;143;150mc[38;2;62;45;55m0[38;2;26;3;13mW[38;2;16;0;3mW[38;2;13;0;1mW[38;2;5;0;0mW[38;2;1;0;0mM[38;2;0;0;0mM[38;2;1;0;0mM[38;2;0;0;0mM[38;2;0;0;0mM[38;2;3;0;0mM[38;2;58;41;51mK[38;2;152;143;153m:[38;2;219;215;229m [38;2;237;234;248m [38;2;223;219;233m [38;2;223;219;233m [38;2;225;220;234m [38;2;225;220;234m [38;2;225;220;234m [38;2;225;220;234m [38;2;225;220;234m [38;2;225;220;234m [38;2;225;220;234m [38;2;225;220;234m [38;2;225;220;234m [0m
[38;2;225;220;234m [38;2;225;220;234m [38;2;225;220;234m [38;2;225;220;234m [38;2;225;220;234m [38;2;225;220;234m [38;2;225;220;234m [38;2;225;220;234m [38;2;225;220;234m [38;2;225;220;234m [38;2;225;220;234m [38;2;225;220;234m [38;2;225;220;234m [38;2;225;220;234m [38;2;226;222;236m [38;2;222;219;232m [38;2;87;75;82mk[38;2;10;0;0mW[38;2;20;0;9mW[38;2;22;0;10mW[38;2;15;0;2mW[38;2;23;1;10mW[38;2;62;44;54m0[38;2;86;71;80mk[38;2;108;93;104md[38;2;129;120;128ml[38;2;122;111;120mo[38;2;103;87;96mx[38;2;97;83;92mx[38;2;24;3;13mW[38;2;10;0;0mW[38;2;43;23;31mX[38;2;142;135;139mc[38;2;230;229;241m [38;2;229;225;239m [38;2;223;219;233m [38;2;225;220;234m [38;2;225;220;234m [38;2;225;220;234m [38;2;225;220;234m [38;2;225;220;234m [38;2;225;220;234m [38;2;225;220;234m [38;2;225;220;234m [0m
[38;2;225;220;234m [38;2;225;220;234m [38;2;225;220;234m [38;2;225;220;234m [38;2;225;220;234m [38;2;225;220;234m [38;2;225;220;234m [38;2;225;220;234m [38;2;225;220;234m [38;2;225;220;234m [38;2;225;220;234m [38;2;225;220;234m [38;2;225;220;234m [38;2;222;218;232m [38;2;239;236;248m [38;2;122;114;121mo[38;2;6;0;0mW[38;2;34;13;24mN[38;2;22;0;10mW[38;2;73;55;66mO[38;2;149;139;149mc[38;2;173;166;176m;[38;2;223;220;233m [38;2;234;232;246m [38;2;237;233;248m [38;2;236;233;247m [38;2;237;234;248m [38;2;236;233;247m [38;2;243;241;254m [38;2;173;169;178m,[38;2;34;13;19mN[38;2;85;71;76mk[38;2;30;8;13mN[38;2;78;64;71mO[38;2;215;211;223m.[38;2;227;223;237m [38;2;223;219;233m [38;2;225;220;234m [38;2;225;220;234m [38;2;225;220;234m [38;2;225;220;234m [38;2;225;220;234m [38;2;225;220;234m [38;2;225;220;234m [0m
[38;2;225;220;234m [38;2;225;220;234m [38;2;225;220;234m [38;2;225;220;234m [38;2;225;220;234m [38;2;225;220;234m [38;2;225;220;234m [38;2;225;220;234m [38;2;225;220;234m [38;2;225;220;234m [38;2;225;220;234m [38;2;225;220;234m [38;2;225;220;234m [38;2;222;218;232m [38;2;234;232;244m [38;2;80;64;71mO[38;2;17;0;5mW[38;2;33;12;23mN[38;2;12;0;0mW[38;2;97;85;90mx[38;2;243;243;254m [38;2;234;230;244m [38;2;225;220;234m [38;2;222;218;232m [38;2;222;218;232m [38;2;222;218;232m [38;2;222;218;232m [38;2;222;218;232m [38;2;220;215;230m [38;2;237;234;248m [38;2;134;124;129ml[38;2;38;17;27mN[38;2;33;10;23mN[38;2;6;0;0mW[38;2;108;97;104md[38;2;237;236;248m [38;2;222;216;232m [38;2;225;220;234m [38;2;225;220;234m [38;2;225;220;234m [38;2;225;220;234m [38;2;225;220;234m [38;2;225;220;234m [38;2;225;220;234m [0m
[38;2;225;220;234m [38;2;225;220;234m [38;2;225;220;234m [38;2;225;220;234m [38;2;225;220;234m [38;2;225;220;234m [38;2;225;220;234m [38;2;225;220;234m [38;2;225;220;234m [38;2;225;220;234m [38;2;225;220;234m [38;2;225;220;234m [38;2;225;220;234m [38;2;222;218;232m [38;2;237;234;248m [38;2;113;101;108md[38;2;15;0;2mW[38;2;29;6;17mN[38;2;40;20;27mX[38;2;138;132;136mc[38;2;223;220;233m [38;2;219;215;229m [38;2;220;216;230m [38;2;222;216;232m [38;2;222;218;232m [38;2;222;218;232m [38;2;225;220;234m [38;2;225;220;234m [38;2;222;218;232m [38;2;234;230;244m [38;2;185;181;192m'[38;2;26;3;13mW[38;2;31;9;20mN[38;2;22;0;10mW[38;2;66;50;57m0[38;2;230;227;239m [38;2;223;219;233m [38;2;225;220;234m [38;2;225;220;234m [38;2;225;220;234m [38;2;225;220;234m [38;2;225;220;234m [38;2;225;220;234m [38;2;225;220;234m [0m
[38;2;225;220;234m [38;2;225;220;234m [38;2;225;220;234m [38;2;225;220;234m [38;2;225;220;234m [38;2;225;220;234m [38;2;225;220;234m [38;2;225;220;234m [38;2;225;220;234m [38;2;225;220;234m [38;2;225;220;234m [38;2;225;220;234m [38;2;225;220;234m [38;2;222;218;232m [38;2;237;234;248m [38;2;164;157;166m;[38;2;19;0;3mW[38;2;22;0;10mW[38;2;69;52;61m0[38;2;237;237;250m [38;2;232;226;241m [38;2;236;233;247m [38;2;241;240;254m [38;2;239;236;250m [38;2;240;239;251m [38;2;237;234;248m [38;2;226;222;237m [38;2;223;219;233m [38;2;226;222;236m [38;2;220;218;230m [38;2;59;41;50mK[38;2;13;0;1mW[38;2;22;0;9mW[38;2;8;0;0mW[38;2;100;86;94mx[38;2;236;233;244m [38;2;222;218;232m [38;2;225;220;234m [38;2;225;220;234m [38;2;225;220;234m [38;2;225;220;234m [38;2;225;220;234m [38;2;225;220;234m [38;2;225;220;234m [0m
[38;2;225;220;234m [38;2;225;220;234m [38;2;225;220;234m [38;2;225;220;234m [38;2;225;220;234m [38;2;225;220;234m [38;2;225;220;234m [38;2;225;220;234m [38;2;225;220;234m [38;2;223;219;232m [38;2;225;220;234m [38;2;225;220;234m [38;2;225;220;234m [38;2;222;216;232m [38;2;239;236;248m [38;2;139;131;139mc[38;2;15;0;1mW[38;2;31;9;20mN[38;2;23;1;12mW[38;2;75;59;69mO[38;2;194;192;201m'[38;2;149;141;149mc[38;2;118;106;113mo[38;2;114;103;113md[38;2;89;72;82mk[38;2;125;117;125mo[38;2;220;218;227m [38;2;225;220;234m [38;2;226;222;236m [38;2;218;213;226m.[38;2;40;17;26mN[38;2;52;33;43mK[38;2;87;73;82mk[38;2;80;65;73mO[38;2;213;211;223m.[38;2;229;225;239m [38;2;223;219;233m [38;2;225;220;234m [38;2;225;220;234m [38;2;225;220;234m [38;2;225;220;234m [38;2;225;220;234m [38;2;225;220;234m [38;2;225;220;234m [0m
[38;2;225;220;234m [38;2;225;220;234m [38;2;225;220;234m [38;2;225;220;234m [38;2;225;220;234m [38;2;225;220;234m [38;2;225;220;234m [38;2;225;220;233m [38;2;225;220;234m [38;2;233;229;243m [38;2;222;218;232m [38;2;225;220;234m [38;2;225;220;234m [38;2;222;216;232m [38;2;239;237;250m [38;2;122;114;121mo[38;2;13;0;1mW[38;2;30;9;20mN[38;2;30;8;19mN[38;2;9;0;0mW[38;2;164;160;170m;[38;2;190;187;197m'[38;2;100;85;93mx[38;2;12;0;0mW[38;2;75;59;66mO[38;2;118;107;114mo[38;2;169;164;170m;[38;2;220;218;230m [38;2;230;226;240m [38;2;204;199;209m.[38;2;34;12;17mN[38;2;131;122;127ml[38;2;187;187;192m'[38;2;205;204;212m.[38;2;229;225;239m [38;2;220;216;229m [38;2;222;218;232m [38;2;222;218;232m [38;2;222;218;232m [38;2;223;219;233m [38;2;225;220;233m [38;2;225;220;234m [38;2;225;220;234m [38;2;225;220;234m [0m
[38;2;225;220;234m [38;2;225;220;234m [38;2;225;220;234m [38;2;225;220;234m [38;2;225;220;234m [38;2;225;220;234m [38;2;223;219;233m [38;2;226;222;236m [38;2;225;222;234m [38;2;188;183;192m'[38;2;227;227;239m [38;2;225;220;234m [38;2;222;218;230m [38;2;220;215;230m [38;2;237;234;248m [38;2;134;124;132ml[38;2;16;0;3mW[38;2;34;12;23mN[38;2;22;0;10mW[38;2;51;31;38mK[38;2;218;212;225m.[38;2;240;236;251m [38;2;237;236;248m [38;2;156;150;157m:[38;2;220;219;229m [38;2;240;237;253m [38;2;226;223;237m [38;2;222;218;232m [38;2;236;232;246m [38;2;176;171;177m,[38;2;79;66;71mO[38;2;236;234;246m [38;2;216;212;223m.[38;2;220;216;230m [38;2;236;233;247m [38;2;236;233;247m [38;2;239;234;250m [38;2;237;234;250m [38;2;236;233;247m [38;2;232;227;243m [38;2;226;222;237m [38;2;225;219;234m [38;2;223;218;232m [38;2;222;216;230m [0m
[38;2;225;220;234m [38;2;225;220;234m [38;2;225;220;234m [38;2;225;220;234m [38;2;223;219;233m [38;2;222;216;230m [38;2;225;219;234m [38;2;236;236;247m [38;2;104;93;101mx[38;2;20;0;6mW[38;2;141;134;139mc[38;2;180;178;184m,[38;2;227;226;239m [38;2;233;229;244m [38;2;244;241;255m [38;2;184;178;185m,[38;2;9;0;0mW[38;2;20;0;9mW[38;2;19;0;6mW[38;2;80;65;73mO[38;2;237;236;247m [38;2;216;212;225m.[38;2;216;212;226m.[38;2;236;233;247m [38;2;219;216;227m [38;2;230;227;241m [38;2;225;219;233m [38;2;225;220;234m [38;2;222;216;232m [38;2;233;232;241m [38;2;170;166;171m;[38;2;120;107;117mo[38;2;192;187;198m'[38;2;190;184;194m'[38;2;173;166;178m;[38;2;166;157;169m;[38;2;148;141;150mc[38;2;150;142;152mc[38;2;169;159;169m;[38;2;195;190;199m'[38;2;218;213;225m.[38;2;229;226;239m [38;2;234;232;244m [38;2;239;236;250m [0m
[38;2;225;220;234m [38;2;225;220;234m [38;2;225;220;234m [38;2;223;219;233m [38;2;232;227;243m [38;2;237;234;247m [38;2;230;229;241m [38;2;163;159;164m;[38;2;2;0;0mM[38;2;68;54;61m0[38;2;166;162;167m;[38;2;197;195;202m.[38;2;181;176;185m,[38;2;171;169;176m;[38;2;164;160;166m;[38;2;188;184;192m'[38;2;125;114;124mo[38;2;73;57;65mO[38;2;15;0;2mW[38;2;31;9;20mN[38;2;127;118;124mo[38;2;201;199;209m.[38;2;225;220;234m [38;2;223;222;230m [38;2;155;150;155m:[38;2;159;153;160m:[38;2;227;223;237m [38;2;226;222;236m [38;2;232;226;241m [38;2;229;229;236m [38;2;110;101;108md[38;2;1;0;0mM[38;2;26;5;15mW[38;2;24;2;13mW[38;2;19;0;8mW[38;2;17;0;5mW[38;2;15;0;2mW[38;2;15;0;2mW[38;2;17;0;3mW[38;2;29;6;16mN[38;2;48;29;37mX[38;2;66;48;58m0[38;2;83;69;78mk[38;2;115;104;114md[0m
[38;2;225;220;234m [38;2;225;220;234m [38;2;223;219;233m [38;2;232;227;241m [38;2;188;183;194m'[38;2;99;86;93mx[38;2;61;44;52m0[38;2;19;0;6mW[38;2;83;68;75mk[38;2;198;194;204m.[38;2;240;239;253m [38;2;226;223;236m [38;2;181;176;185m,[38;2;183;176;185m,[38;2;155;148;156m:[38;2;219;218;229m [38;2;236;233;247m [38;2;241;241;253m [38;2;104;92;99mx[38;2;23;0;9mW[38;2;68;51;59m0[38;2;97;82;92mx[38;2;152;143;152m:[38;2;185;183;191m'[38;2;170;164;171m;[38;2;92;82;86mk[38;2;234;233;247m [38;2;220;216;229m [38;2;160;156;160m:[38;2;183;181;185m,[38;2;78;62;71mO[38;2;22;0;10mW[38;2;30;8;19mN[38;2;27;5;16mW[38;2;29;6;17mN[38;2;30;8;19mN[38;2;30;8;19mN[38;2;30;8;19mN[38;2;29;8;19mN[38;2;27;3;16mW[38;2;22;0;10mW[38;2;19;0;6mW[38;2;16;0;3mW[38;2;13;0;1mW[0m
[38;2;225;220;234m [38;2;223;219;233m [38;2;226;222;237m [38;2;218;215;226m [38;2;47;29;37mX[38;2;10;0;0mW[38;2;10;0;0mW[38;2;92;76;83mk[38;2;239;237;251m [38;2;230;226;240m [38;2;222;216;232m [38;2;225;220;234m [38;2;233;229;243m [38;2;232;227;241m [38;2;234;232;244m [38;2;229;225;237m [38;2;206;204;213m.[38;2;113;100;107md[38;2;152;146;152m:[38;2;44;24;34mX[38;2;16;0;3mW[38;2;58;40;48mK[38;2;146;139;149mc[38;2;239;237;250m [38;2;246;243;255m [38;2;209;206;219m.[38;2;163;157;166m;[38;2;134;127;129ml[38;2;205;204;212m.[38;2;169;162;170m;[38;2;19;0;6mW[38;2;29;6;17mN[38;2;27;5;16mW[38;2;27;5;16mW[38;2;27;5;16mW[38;2;27;5;16mW[38;2;27;5;16mW[38;2;27;5;16mW[38;2;27;5;16mW[38;2;27;5;16mW[38;2;29;6;17mN[38;2;29;8;17mN[38;2;30;8;19mN[38;2;30;8;20mN[0m
[38;2;225;220;234m [38;2;223;219;233m [38;2;232;229;243m [38;2;190;187;194m'[38;2;26;3;15mW[38;2;34;12;24mN[38;2;15;0;1mW[38;2;118;108;114mo[38;2;237;234;248m [38;2;219;215;229m [38;2;225;222;234m [38;2;206;202;212m.[38;2;201;197;205m.[38;2;194;191;199m'[38;2;191;187;195m'[38;2;227;225;239m [38;2;181;176;188m,[38;2;15;0;2mW[38;2;13;0;2mW[38;2;27;3;16mW[38;2;29;6;16mN[38;2;87;75;82mk[38;2;162;155;166m;[38;2;177;171;183m,[38;2;118;107;115mo[38;2;64;45;52m0[38;2;131;122;129ml[38;2;230;227;240m [38;2;227;226;233m [38;2;45;27;34mX[38;2;20;0;9mW[38;2;29;6;17mN[38;2;27;5;16mW[38;2;27;5;16mW[38;2;27;5;16mW[38;2;27;5;16mW[38;2;27;5;16mW[38;2;27;5;16mW[38;2;27;5;16mW[38;2;27;5;16mW[38;2;27;5;16mW[38;2;27;5;16mW[38;2;27;5;16mW[38;2;27;5;16mW[0m
[38;2;225;220;234m [38;2;223;219;233m [38;2;230;226;241m [38;2;199;194;205m.[38;2;33;10;22mN[38;2;29;6;17mN[38;2;16;0;2mW[38;2;96;82;90mx[38;2;239;236;251m [38;2;222;216;230m [38;2;225;222;234m [38;2;222;218;232m [38;2;211;206;218m.[38;2;213;211;222m.[38;2;222;216;232m [38;2;234;232;243m [38;2;138;131;134ml[38;2;22;0;9mW[38;2;31;9;22mN[38;2;27;5;16mW[38;2;27;5;16mW[38;2;15;0;3mW[38;2;19;0;5mW[38;2;52;36;43mK[38;2;6;0;0mW[38;2;97;86;90mx[38;2;241;241;250m [38;2;206;204;213m.[38;2;62;45;52m0[38;2;19;0;6mW[38;2;30;8;19mN[38;2;27;5;16mW[38;2;27;5;16mW[38;2;27;5;16mW[38;2;27;5;16mW[38;2;27;5;16mW[38;2;27;5;16mW[38;2;27;5;16mW[38;2;27;5;16mW[38;2;27;5;16mW[38;2;27;5;16mW[38;2;27;5;16mW[38;2;27;5;16mW[38;2;27;5;16mW[0m
[38;2;225;220;234m [38;2;223;219;233m [38;2;227;223;237m [38;2;213;211;223m.[38;2;40;19;26mX[38;2;24;2;13mW[38;2;30;8;19mN[38;2;31;10;20mN[38;2;187;183;192m'[38;2;234;230;246m [38;2;223;219;233m [38;2;213;209;223m.[38;2;194;190;199m'[38;2;218;216;226m [38;2;239;236;251m [38;2;240;239;251m [38;2;206;204;213m.[38;2;43;23;30mX[38;2;23;1;12mW[38;2;29;6;17mN[38;2;27;5;16mW[38;2;30;8;19mN[38;2;30;8;19mN[38;2;31;10;20mN[38;2;30;9;20mN[38;2;23;1;12mW[38;2;54;37;43mK[38;2;44;24;33mX[38;2;16;0;5mW[38;2;30;8;19mN[38;2;27;5;16mW[38;2;27;5;16mW[38;2;27;5;16mW[38;2;27;5;16mW[38;2;27;5;16mW[38;2;27;5;16mW[38;2;27;5;16mW[38;2;27;5;16mW[38;2;27;5;16mW[38;2;27;5;16mW[38;2;27;5;16mW[38;2;27;5;16mW[38;2;27;5;16mW[38;2;27;5;16mW[0m
[38;2;225;220;234m [38;2;220;216;230m [38;2;241;239;254m [38;2;149;141;149mc[38;2;19;0;6mW[38;2;30;8;19mN[38;2;20;0;8mW[38;2;0;0;0mM[38;2;75;59;68mO[38;2;229;226;237m [38;2;227;223;237m [38;2;233;230;241m [38;2;184;178;188m,[38;2;166;157;167m;[38;2;153;143;153m:[38;2;107;96;104md[38;2;43;24;34mX[38;2;24;1;12mW[38;2;29;6;17mN[38;2;27;5;16mW[38;2;27;5;16mW[38;2;27;5;16mW[38;2;27;5;16mW[38;2;27;3;15mW[38;2;27;5;16mW[38;2;29;6;17mN[38;2;20;0;9mW[38;2;23;1;12mW[38;2;30;8;19mN[38;2;27;5;16mW[38;2;27;5;16mW[38;2;27;5;16mW[38;2;27;5;16mW[38;2;27;5;16mW[38;2;27;5;16mW[38;2;27;5;16mW[38;2;27;5;16mW[38;2;27;5;16mW[38;2;27;5;16mW[38;2;27;5;16mW[38;2;27;5;16mW[38;2;27;5;16mW[38;2;27;5;16mW[38;2;27;5;16mW[0m
[38;2;222;218;232m [38;2;234;232;246m [38;2;180;174;183m,[38;2;27;6;15mN[38;2;26;3;15mW[38;2;22;0;10mW[38;2;86;72;80mk[38;2;111;100;108md[38;2;61;43;50m0[38;2;85;68;78mk[38;2;169;164;173m;[38;2;148;143;148mc[38;2;15;0;1mW[38;2;16;0;3mW[38;2;15;0;2mW[38;2;13;0;1mW[38;2;23;1;12mW[38;2;27;6;17mN[38;2;27;5;16mW[38;2;27;5;16mW[38;2;27;5;16mW[38;2;27;5;16mW[38;2;27;5;16mW[38;2;27;5;16mW[38;2;27;5;16mW[38;2;27;5;16mW[38;2;29;6;17mN[38;2;29;6;17mN[38;2;27;5;16mW[38;2;27;5;16mW[38;2;27;5;16mW[38;2;27;5;16mW[38;2;27;5;16mW[38;2;27;5;16mW[38;2;27;5;16mW[38;2;27;5;16mW[38;2;27;5;16mW[38;2;27;5;16mW[38;2;27;5;16mW[38;2;27;5;16mW[38;2;27;5;16mW[38;2;27;5;16mW[38;2;27;5;16mW[38;2;27;5;16mW[0m
[38;2;230;226;241m [38;2;197;194;202m.[38;2;37;17;23mN[38;2;22;0;9mW[38;2;30;9;19mN[38;2;23;1;9mW[38;2;80;65;73mO[38;2;129;121;127ml[38;2;208;206;213m.[38;2;227;225;236m [38;2;129;121;125ml[38;2;66;52;58m0[38;2;40;19;27mX[38;2;29;6;16mN[38;2;30;9;19mN[38;2;30;9;19mN[38;2;29;6;16mN[38;2;27;5;15mW[38;2;27;5;16mW[38;2;27;5;16mW[38;2;27;5;16mW[38;2;27;5;16mW[38;2;27;5;16mW[38;2;27;5;16mW[38;2;27;5;16mW[38;2;27;5;16mW[38;2;27;5;16mW[38;2;27;5;16mW[38;2;27;5;16mW[38;2;27;5;16mW[38;2;27;5;16mW[38;2;27;5;16mW[38;2;27;5;16mW[38;2;27;5;16mW[38;2;27;5;16mW[38;2;27;5;16mW[38;2;27;5;16mW[38;2;27;5;16mW[38;2;27;5;16mW[38;2;27;5;16mW[38;2;27;5;16mW[38;2;27;5;16mW[38;2;27;5;16mW[38;2;27;5;16mW[0m
